MeshAnim
1
170
65
60
0.6923113 0.004153002 -0.7215871 0
-0.1154024 0.9877499 -0.1050355 0
0.7123113 0.1559901 0.6843097 0
-0.004151902 0.8630037 7.192015 1

0.730195 0.02556736 -0.6827603 0
0.07875312 0.9894896 0.121278 0
0.6786849 -0.1423261 0.7205068 0
-0.02405095 0.9724388 7.173553 1

-0.8935847 0.1999114 0.401923 0
0.1126135 -0.7668954 0.6318149 0
0.4345397 0.6098419 0.6627731 0
-0.06758595 0.8011912 7.274448 1

-0.4782017 -0.2510835 0.8415939 0
0.4424554 -0.8966459 -0.01610048 0
0.7586542 0.3646685 0.5398709 0
0.07511098 0.8018711 7.124061 1

0.7390631 0.04508854 -0.6721255 0
0.06999016 0.9872178 0.1431866 0
0.6699904 -0.1528661 0.7264606 0
-0.01369151 1.102599 7.189507 1

-0.9180486 0.1873924 0.3493869 0
-0.302447 -0.900807 -0.3115651 0
0.256345 -0.3917031 0.8836607 0
-0.01866154 0.4680171 7.548937 1

-0.6192705 -0.3048029 0.7236017 0
-0.2849611 -0.7714952 -0.5688516 0
0.7316428 -0.5584714 0.3909072 0
0.2672756 0.412445 7.117068 1

0.7471021 0.06491572 -0.661532 0
0.06079048 0.9843764 0.16525 0
0.6619238 -0.1636735 0.7314834 0
-0.003169544 1.251013 7.211032 1

-0.9806013 0.1959487 -0.005068243 0
-0.1144644 -0.5514507 0.8263175 0
0.1591207 0.8108679 0.5631821 0
-0.1394242 0.1083382 7.424533 1

-0.2633389 -0.1750171 0.9486948 0
0.8226478 -0.5543968 0.1260745 0
0.5038881 0.8136418 0.2899717 0
0.1535419 0.1045256 6.890028 1

0.7998267 0.09154243 -0.5932092 0
0.2120624 0.881469 0.4219506 0
0.5615218 -0.4632848 0.6856098 0
0.007111779 1.417498 7.238981 1

0.739101 -0.2070484 0.6409841 0
-0.6710002 -0.3097462 0.6736587 0
0.05906221 -0.9280024 -0.3678632 0
-0.04962587 1.395434 7.282567 1

-0.2735707 0.3067866 -0.9116145 0
0.8657271 -0.3344643 -0.3723577 0
-0.4191368 -0.8910755 -0.1740938 0
0.05959321 1.404617 7.187159 1

-0.9941268 0.07820879 -0.07480282 0
-0.07145637 0.04475123 0.9964397 0
0.08127768 0.9959324 -0.03889993 0
-0.1589973 0.01404148 7.565832 1

-0.2078915 -0.08029182 0.974851 0
0.9758542 0.05124519 0.212326 0
-0.06700449 0.9954532 0.06769965 0
0.2901761 0.01244551 6.910968 1

0.8497095 0.09751048 -0.5181559 0
0.2799796 0.7492964 0.600139 0
0.4467721 -0.6550167 0.6093832 0
0.04036637 1.478749 7.29327 1

0.4331369 0.6424366 0.6321934 0
-0.09472036 -0.6650741 0.740746 0
0.8963374 -0.3807258 -0.2272162 0
-0.1509371 1.348667 7.384279 1

0.04834321 -0.6392588 -0.7674705 0
0.4263976 -0.6816281 0.5946161 0
-0.903243 -0.3559932 0.2396264 0
0.1903053 1.354118 7.130938 1

-0.9941268 0.07820879 -0.07480282 0
-0.07145637 0.04475123 0.9964397 0
0.08127768 0.9959324 -0.03889993 0
-0.1635894 0.01691729 7.629867 1

-0.2078915 -0.08029182 0.974851 0
0.9758542 0.05124519 0.212326 0
-0.06700449 0.9954532 0.06769965 0
0.3516526 0.01567388 6.924344 1

0.8497095 0.09751048 -0.5181559 0
0.2799796 0.7492964 0.600139 0
0.4467721 -0.6550167 0.6093832 0
0.1280393 1.588661 7.457726 1

-0.1557611 0.4630868 -0.872519 0
0.5063285 0.7958639 0.3320132 0
0.8481569 -0.3900663 -0.3584386 0
-0.1723862 1.198063 7.552019 1

0.2864162 -0.4800292 0.829179 0
-0.2478163 0.798869 0.5480833 0
-0.9255013 -0.3624639 0.1098501 0
0.2869422 1.199637 7.265699 1

-0.2136205 0.4727889 -0.8548903 0
0.3933548 0.8426452 0.3677251 0
0.894225 -0.2577212 -0.3659799 0
-0.03419641 1.415274 7.642633 1

0.4445152 -0.4744574 0.7598003 0
-0.1929524 0.7775807 0.5984458 0
-0.8747432 -0.4126235 0.2540989 0
0.2193399 1.417562 7.415212 1

-0.6227416 -0.1267028 -0.7721007 0
0.3781515 0.8151591 -0.4387686 0
0.6849777 -0.5652102 -0.4597204 0
-0.01457312 1.453313 7.625529 1

-0.07456827 0.4834591 -0.8721855 0
0.9101554 -0.324408 -0.2576365 0
-0.4075008 -0.8130359 -0.4158323 0
0.001786136 1.524438 7.65403 1

-0.06475458 0.4833459 -0.8730316 0
0.9206885 -0.3084973 -0.2390861 0
-0.3848892 -0.8192721 -0.4250344 0
0.008419001 1.518626 7.6762 1

-0.01861373 0.4710954 -0.8818861 0
0.8521798 -0.4538386 -0.260423 0
-0.522918 -0.756373 -0.3930103 0
0.01423321 1.509959 7.696809 1

0.01171708 0.4888469 -0.8722913 0
0.9491621 -0.2798716 -0.1440952 0
-0.3145702 -0.8262575 -0.4672743 0
0.01112532 1.48682 7.709888 1

0.4714177 0.05387919 0.8802628 0
-0.6663048 0.6756561 0.3154787 0
-0.577757 -0.7352455 0.3544162 0
0.1877517 1.451178 7.417771 1

0.4791444 -0.4789974 0.7355148 0
-0.8771908 -0.2908473 0.3820263 0
0.0309329 -0.8282325 -0.55953 0
0.1825593 1.521041 7.45581 1

0.5520151 -0.4616113 0.6944022 0
-0.822083 -0.4406089 0.3606155 0
0.1394957 -0.7699214 -0.6227056 0
0.1929251 1.515578 7.47654 1

0.5914714 -0.4526724 0.6672701 0
-0.7733967 -0.5525711 0.3106812 0
0.2280773 -0.6998237 -0.6769254 0
0.2040877 1.506185 7.495256 1

0.6068976 -0.4479269 0.6565341 0
-0.7498544 -0.5964986 0.2861955 0
0.2634269 -0.665996 -0.6978934 0
0.2157007 1.483119 7.503368 1

-0.3411963 0.4556448 -0.8221762 0
0.6750017 0.7274841 0.1230468 0
0.6541851 -0.5129868 -0.5557756 0
0.0001823539 1.48352 7.610376 1

0.03598204 0.3355287 -0.9413429 0
-0.04386605 -0.9405146 -0.3369102 0
-0.9983894 0.05341548 -0.01912338 0
0.03048716 1.513803 7.646698 1

0.03314635 0.3004759 -0.9532136 0
-0.2937866 -0.9086738 -0.2966518 0
-0.9552965 0.2898739 0.05815661 0
0.03922042 1.508079 7.668639 1

0.04657447 0.3103857 -0.9494694 0
-0.2843343 -0.9070628 -0.3104703 0
-0.9575934 0.2844263 0.04600725 0
0.03969013 1.496524 7.688794 1

0.07073301 0.3169687 -0.945795 0
-0.1858981 -0.92737 -0.3246965 0
-0.9800197 0.1987878 -0.006671786 0
0.03817477 1.478785 7.705886 1

0.5456538 -0.2757124 0.7913562 0
-0.492319 0.6587142 0.5689619 0
-0.6781474 -0.7000559 0.2236915 0
0.1630594 1.476143 7.429308 1

0.6052362 -0.3164891 0.730427 0
-0.015763 -0.9221538 -0.3865018 0
0.7958899 0.2224111 -0.5631099 0
0.1571181 1.512138 7.467582 1

0.6452761 -0.2632228 0.7171698 0
0.247463 -0.8161306 -0.5222 0
0.7227591 0.5144359 -0.4614916 0
0.1663149 1.501009 7.488593 1

0.6639449 -0.2435557 0.7070062 0
0.3168342 -0.7647867 -0.5609972 0
0.6773431 0.5964749 -0.4306096 0
0.182036 1.490503 7.50404 1

0.6741662 -0.2088706 0.7084299 0
0.4182611 -0.6825829 -0.5992817 0
0.6087345 0.7003241 -0.3728118 0
0.1952661 1.466639 7.511381 1

0.1127247 0.9328889 -0.3420701 0
0.7908175 0.1241996 0.5993186 0
0.6015822 -0.3380727 -0.7237445 0
0.02483205 1.508624 7.616219 1

0.01632643 0.2674046 -0.9634465 0
-0.4026462 -0.8802325 -0.2511317 0
-0.9152099 0.3920279 0.09329847 0
0.02926945 1.487593 7.637062 1

-0.01909959 0.2318675 -0.97256 0
-0.7610451 -0.6342275 -0.1362601 0
-0.6484182 0.7375593 0.1885751 0
0.03009274 1.479893 7.659192 1

-0.01724872 0.2224719 -0.9747868 0
-0.8366531 -0.537029 -0.1077594 0
-0.5474617 0.8136994 0.1953948 0
0.03163994 1.47082 7.680144 1

0.02358788 0.228668 -0.973219 0
-0.660095 -0.727549 -0.186944 0
-0.7508119 0.646826 0.1337813 0
0.03346518 1.455291 7.69767 1

0.6577629 -0.5725048 0.4894757 0
-0.1396935 0.5458457 0.8261589 0
-0.740158 -0.6117931 0.2790619 0
0.1455324 1.499316 7.448696 1

0.5809304 -0.2495308 0.774761 0
0.4534856 -0.6912106 -0.5626533 0
0.6759223 0.678205 -0.2883867 0
0.1565123 1.486825 7.456728 1

0.5946229 -0.2061844 0.7771177 0
0.6944463 -0.3553853 -0.6256564 0
0.4051767 0.9116958 -0.06813623 0
0.1735794 1.476727 7.472903 1

0.6045039 -0.1835111 0.7751764 0
0.7290953 -0.2645793 -0.6312037 0
0.3209285 0.9467427 -0.02614231 0
0.1913303 1.468184 7.487744 1

0.5702693 -0.1587804 0.8059663 0
0.815954 -0.003895791 -0.5781038 0
0.09493132 0.9873063 0.1273359 0
0.2057142 1.449661 7.496548 1

0.1127247 0.9328889 -0.3420701 0
0.7908175 0.1241996 0.5993186 0
0.6015822 -0.3380727 -0.7237445 0
0.04707118 1.514947 7.631751 1

0.01632643 0.2674046 -0.9634465 0
-0.4026462 -0.8802325 -0.2511317 0
-0.9152099 0.3920279 0.09329847 0
0.01999231 1.467463 7.630639 1

-0.01909959 0.2318675 -0.97256 0
-0.7610451 -0.6342275 -0.1362601 0
-0.6484182 0.7375593 0.1885751 0
0.01105272 1.46409 7.655533 1

-0.01724872 0.2224719 -0.9747868 0
-0.8366531 -0.537029 -0.1077594 0
-0.5474617 0.8136994 0.1953948 0
0.01256723 1.458549 7.67781 1

0.02358788 0.228668 -0.973219 0
-0.660095 -0.727549 -0.186944 0
-0.7508119 0.646826 0.1337813 0
0.02054455 1.441076 7.693884 1

0.6577629 -0.5725048 0.4894757 0
-0.1396935 0.5458457 0.8261589 0
-0.740158 -0.6117931 0.2790619 0
0.1423934 1.51308 7.470546 1

0.5809304 -0.2495308 0.774761 0
0.4534856 -0.6912106 -0.5626533 0
0.6759223 0.678205 -0.2883867 0
0.166742 1.470947 7.443363 1

0.5946229 -0.2061844 0.7771177 0
0.6944463 -0.3553853 -0.6256564 0
0.4051767 0.9116958 -0.06813623 0
0.1912085 1.467682 7.456715 1

0.6045039 -0.1835111 0.7751764 0
0.7290953 -0.2645793 -0.6312037 0
0.3209285 0.9467427 -0.02614231 0
0.205696 1.46297 7.475304 1

0.5702693 -0.1587804 0.8059663 0
0.815954 -0.003895791 -0.5781038 0
0.09493132 0.9873063 0.1273359 0
0.2212364 1.449638 7.485161 1

0.6937816 0.003337085 -0.7201778 0
-0.116061 0.9874367 -0.1072316 0
0.7107722 0.1579798 0.6854527 0
-0.003243824 0.862778 7.190664 1

0.7310119 0.02387192 -0.6819469 0
0.07834859 0.9898419 0.1186356 0
0.6778517 -0.1401536 0.721716 0
-0.02320187 0.9721586 7.171945 1

-0.8944583 0.20101 0.3994244 0
0.1102685 -0.7665207 0.6326827 0
0.4333425 0.609952 0.6634554 0
-0.06679162 0.8010727 7.27309 1

-0.4784316 -0.249354 0.8419775 0
0.4419773 -0.8969095 -0.01448025 0
0.7587882 0.365207 0.5393184 0
0.0762119 0.8015813 7.122994 1

0.7397818 0.04340703 -0.6714452 0
0.06990469 0.9875582 0.1408621 0
0.6692057 -0.1511444 0.7275433 0
-0.01289564 1.102366 7.18755 1

-0.9178092 0.1879331 0.3497257 0
-0.3022738 -0.9018728 -0.3086361 0
0.2574051 -0.3889819 0.884554 0
-0.01888599 0.4680615 7.547956 1

-0.6195703 -0.3027863 0.7241914 0
-0.2867699 -0.7715159 -0.5679141 0
0.7306817 -0.559539 0.3911784 0
0.2681689 0.4120407 7.116705 1

0.7477316 0.06323756 -0.6609829 0
0.06102584 0.9846967 0.1632429 0
0.6611908 -0.1623989 0.7324297 0
-0.002386517 1.25083 7.208727 1

-0.9807808 0.1950553 -0.004780978 0
-0.1137734 -0.5518269 0.8261616 0
0.1585088 0.8108273 0.5634131 0
-0.1395794 0.1079571 7.424722 1

-0.2637745 -0.1740831 0.9487457 0
0.8225045 -0.5544102 0.1269491 0
0.5038943 0.8138335 0.2894232 0
0.1537133 0.104113 6.890039 1

0.8001905 0.09018672 -0.5929262 0
0.2116837 0.8825303 0.4199169 0
0.5611463 -0.4615264 0.6871014 0
0.007934611 1.417369 7.236336 1

0.7374474 -0.2057889 0.6432902 0
-0.6727127 -0.308747 0.6724082 0
0.06023972 -0.9286153 -0.3661215 0
-0.0488515 1.395419 7.279916 1

-0.273675 0.3052518 -0.9120984 0
0.8671351 -0.331993 -0.3712916 0
-0.4161476 -0.8925257 -0.1738364 0
0.06045832 1.404359 7.184589 1

-0.994257 0.07680555 -0.07452846 0
-0.07131723 0.04374294 0.9964942 0
0.07979631 0.9960862 -0.03801411 0
-0.1590345 0.01359588 7.565994 1

-0.2083369 -0.07964862 0.9748088 0
0.9758142 0.05053405 0.2126807 0
-0.06620078 0.9955415 0.0671941 0
0.2903236 0.01203072 6.911124 1

0.8498574 0.09661723 -0.5180804 0
0.2792302 0.7511753 0.5981355 0
0.4469595 -0.6529936 0.6114135 0
0.04114709 1.478758 7.290495 1

0.4348929 0.6395936 0.6338677 0
-0.09849185 -0.665911 0.739501 0
0.8950795 -0.3840345 -0.2266052 0
-0.1504212 1.348802 7.38144 1

0.04795468 -0.6414918 -0.7656296 0
0.4292531 -0.6788856 0.5956983 0
-0.9019104 -0.3572152 0.2428065 0
0.191383 1.354233 7.128529 1

-0.994257 0.07680555 -0.07452846 0
-0.07131723 0.04374294 0.9964942 0
0.07979631 0.9960862 -0.03801411 0
-0.1636175 0.01640707 7.630032 1

-0.2083369 -0.07964862 0.9748088 0
0.9758142 0.05053405 0.2126807 0
-0.06620078 0.9955415 0.0671941 0
0.3517977 0.01521415 6.924522 1

0.8498574 0.09661723 -0.5180804 0
0.2792302 0.7511753 0.5981355 0
0.4469595 -0.6529936 0.6114135 0
0.1286786 1.589193 7.454677 1

-0.1531349 0.4643956 -0.8722881 0
0.5090607 0.79364 0.3331558 0
0.8469987 -0.3930298 -0.3579395 0
-0.1727244 1.198009 7.548897 1

0.2886879 -0.4746562 0.8314812 0
-0.2493061 0.8012302 0.5439457 0
-0.9243949 -0.3643238 0.1129706 0
0.288667 1.200374 7.263535 1

-0.2102871 0.4729331 -0.8556367 0
0.3964261 0.8412739 0.367566 0
0.8936585 -0.2619022 -0.3643921 0
-0.03378891 1.414614 7.639823 1

0.4443616 -0.4714178 0.7617798 0
-0.1948157 0.779144 0.5958035 0
-0.8744084 -0.4131587 0.2543818 0
0.2206583 1.418943 7.41192 1

-0.622261 -0.1248504 -0.7727897 0
0.3820708 0.8131902 -0.4390262 0
0.6832371 -0.5684493 -0.4583148 0
-0.01397601 1.452552 7.622715 1

-0.0711585 0.4829873 -0.8727314 0
0.9091219 -0.3285938 -0.2559761 0
-0.4104073 -0.811634 -0.415712 0
0.002646515 1.523632 7.651177 1

-0.06136847 0.4828367 -0.8735576 0
0.9197588 -0.3125643 -0.2373759 0
-0.3876567 -0.8180296 -0.4249118 0
0.009220729 1.517811 7.673363 1

-0.01524672 0.4703735 -0.8823358 0
0.8505998 -0.4577554 -0.2587276 0
-0.5255928 -0.7544593 -0.3931205 0
0.0149663 1.509138 7.693988 1

0.01520443 0.4879614 -0.872733 0
0.9480379 -0.2844484 -0.142524 0
-0.3177938 -0.8252171 -0.4669307 0
0.01173904 1.486024 7.707083 1

0.4691114 0.05677579 0.8813123 0
-0.6676391 0.6760356 0.3118242 0
-0.5780942 -0.7346787 0.3550415 0
0.1890163 1.452519 7.414338 1

0.4800824 -0.4757531 0.7370077 0
-0.8765704 -0.2925878 0.3821214 0
0.03384408 -0.8294887 -0.5574973 0
0.1836746 1.522492 7.452153 1

0.5522212 -0.4584603 0.6963236 0
-0.8215655 -0.4412248 0.3610416 0
0.1417121 -0.77145 -0.6203089 0
0.1940248 1.51711 7.472912 1

0.5914477 -0.4496568 0.6693271 0
-0.7727488 -0.5531831 0.3112049 0
0.2303249 -0.701283 -0.6746504 0
0.2051802 1.507792 7.491671 1

0.6076223 -0.4443204 0.6583123 0
-0.7476773 -0.5995981 0.2854144 0
0.2679071 -0.6656293 -0.6965371 0
0.2168188 1.484768 7.499867 1

-0.3381235 0.456054 -0.8232179 0
0.6780895 0.7246276 0.1229216 0
0.6525851 -0.5166525 -0.554259 0
0.0009232555 1.482684 7.607554 1

0.03885388 0.3345402 -0.9415804 0
-0.04726653 -0.9406219 -0.3361501 0
-0.9981266 0.05756595 -0.02073428 0
0.031312 1.512865 7.643898 1

0.03588542 0.2994768 -0.9534287 0
-0.2972026 -0.9076793 -0.2962929 0
-0.9541399 0.2939941 0.0564326 0
0.0399894 1.507128 7.665859 1

0.04934749 0.3093224 -0.949676 0
-0.2877878 -0.9061049 -0.3100848 0
-0.956422 0.2886069 0.04430515 0
0.04037691 1.495586 7.686023 1

0.073522 0.3157727 -0.9459823 0
-0.1896003 -0.9268242 -0.3241135 0
-0.9791049 0.2031878 -0.008271575 0
0.03875599 1.477859 7.703125 1

0.5438362 -0.2730059 0.7935431 0
-0.4943033 0.6599475 0.5658038 0
-0.6781644 -0.6999552 0.2239554 0
0.164275 1.477497 7.42574 1

0.6056771 -0.312764 0.7316655 0
-0.0119033 -0.9229704 -0.3846873 0
0.7956218 0.2242869 -0.5627449 0
0.1582523 1.51354 7.46393 1

0.6451184 -0.2599976 0.7184875 0
0.2483964 -0.8178878 -0.5189986 0
0.7225803 0.513285 -0.4630517 0
0.1674316 1.502521 7.48498 1

0.6635284 -0.2404467 0.7084603 0
0.3180852 -0.7664336 -0.5580343 0
0.6771652 0.595622 -0.4320676 0
0.1831469 1.492091 7.500469 1

0.6736993 -0.2049198 0.7100265 0
0.4224545 -0.6815304 -0.597536 0
0.6063514 0.7025133 -0.3725769 0
0.1964441 1.468204 7.507859 1

0.1172795 0.9318281 -0.3434274 0
0.7907472 0.1215886 0.5999463 0
0.6008033 -0.3419254 -0.7225806 0
0.02567753 1.507686 7.613394 1

0.01894659 0.2664764 -0.9636555 0
-0.4059461 -0.8787586 -0.2509816 0
-0.9137006 0.3959473 0.0915255 0
0.02999994 1.486652 7.634282 1

-0.01663864 0.2310631 -0.9727967 0
-0.7636139 -0.6310107 -0.1368199 0
-0.6454589 0.7405644 0.186942 0
0.0307561 1.478973 7.656423 1

-0.01483876 0.2216482 -0.9750139 0
-0.8388904 -0.5333799 -0.1084853 0
-0.5440981 0.8163199 0.1938532 0
0.03222866 1.469909 7.677385 1

0.02603522 0.2276754 -0.9733891 0
-0.6629999 -0.7248188 -0.1872683 0
-0.7481669 0.6502323 0.1320778 0
0.03395254 1.454378 7.694924 1

0.6566096 -0.5712183 0.4925183 0
-0.1415375 0.5480866 0.8243595 0
-0.7408316 -0.6109918 0.2790299 0
0.1466799 1.500712 7.445016 1

0.581203 -0.2459492 0.7757015 0
0.455377 -0.6917059 -0.5605133 0
0.6744148 0.6790084 -0.2900218 0
0.1577527 1.488204 7.453125 1

0.5943619 -0.202768 0.7782157 0
0.6951739 -0.3569642 -0.6239476 0
0.4043115 0.9118457 -0.07120667 0
0.174724 1.478186 7.469385 1

0.6041487 -0.1802822 0.7762109 0
0.7293007 -0.2674505 -0.6297551 0
0.3211316 0.9465566 -0.03009985 0
0.1924777 1.469725 7.484259 1

0.5694022 -0.1551578 0.8072841 0
0.817077 -0.001134018 -0.5765275 0
0.09036829 0.9878895 0.1261304 0
0.2069964 1.451253 7.49307 1

0.1172795 0.9318281 -0.3434274 0
0.7907472 0.1215886 0.5999463 0
0.6008033 -0.3419254 -0.7225806 0
0.04792882 1.513933 7.628939 1

0.01894659 0.2664764 -0.9636555 0
-0.4059461 -0.8787586 -0.2509816 0
-0.9137006 0.3959473 0.0915255 0
0.02064835 1.466556 7.627863 1

-0.01663864 0.2310631 -0.9727967 0
-0.7636139 -0.6310107 -0.1368199 0
-0.6454589 0.7405644 0.186942 0
0.01165246 1.46325 7.65275 1

-0.01483876 0.2216482 -0.9750139 0
-0.8388904 -0.5333799 -0.1084853 0
-0.5440981 0.8163199 0.1938532 0
0.01310463 1.457721 7.675034 1

0.02603522 0.2276754 -0.9733891 0
-0.6629999 -0.7248188 -0.1872683 0
-0.7481669 0.6502323 0.1320778 0
0.02097546 1.440217 7.691133 1

0.6566096 -0.5712183 0.4925183 0
-0.1415375 0.5480866 0.8243595 0
-0.7408316 -0.6109918 0.2790299 0
0.143492 1.514536 7.466821 1

0.581203 -0.2459492 0.7757015 0
0.455377 -0.6917059 -0.5605133 0
0.6744148 0.6790084 -0.2900218 0
0.168026 1.472313 7.439809 1

0.5943619 -0.202768 0.7782157 0
0.6951739 -0.3569642 -0.6239476 0
0.4043115 0.9118457 -0.07120667 0
0.1923717 1.4691 7.45324 1

0.6041487 -0.1802822 0.7762109 0
0.7293007 -0.2674505 -0.6297551 0
0.3211316 0.9465566 -0.03009985 0
0.2068474 1.464455 7.471848 1

0.5694022 -0.1551578 0.8072841 0
0.817077 -0.001134018 -0.5765275 0
0.09036829 0.9878895 0.1261304 0
0.2225404 1.451281 7.481712 1

0.695392 0.003179479 -0.7186236 0
-0.1165436 0.9872514 -0.108408 0
0.7091175 0.159137 0.6868973 0
-0.002150255 0.8630587 7.189133 1

0.7319932 0.02270633 -0.6809334 0
0.07743259 0.9901961 0.1162578 0
0.6768975 -0.1378263 0.7230586 0
-0.0221464 0.9724072 7.170267 1

-0.8952883 0.2019559 0.3970806 0
0.1076858 -0.766798 0.6327915 0
0.4322764 0.6092906 0.6647572 0
-0.06583748 0.8013831 7.271473 1

-0.4793275 -0.2473329 0.8420641 0
0.4406054 -0.8976092 -0.0128423 0
0.7590206 0.3648623 0.5392247 0
0.07750182 0.8018577 7.121698 1

0.7406438 0.04223757 -0.6705688 0
0.06922083 0.9879151 0.1386809 0
0.6683227 -0.1491305 0.7287695 0
-0.01196067 1.102661 7.18556 1

-0.9176396 0.1889642 0.3496145 0
-0.301898 -0.9035624 -0.3040279 0
0.258448 -0.3845359 0.8861924 0
-0.01905391 0.4682515 7.546387 1

-0.6197913 -0.3007928 0.724833 0
-0.2871577 -0.7726467 -0.566178 0
0.7303421 -0.5590535 0.3925047 0
0.268863 0.4120132 7.11612 1

0.7484831 0.06205506 -0.660244 0
0.0605781 0.9850514 0.1612572 0
0.6603813 -0.1606946 0.7335352 0
-0.001554351 1.251179 7.206409 1

-0.9809579 0.1941586 -0.00492847 0
-0.113426 -0.5521005 0.8260266 0
0.157659 0.8108563 0.5636099 0
-0.1395973 0.1074723 7.424993 1

-0.26425 -0.1734345 0.9487321 0
0.8225863 -0.5540878 0.1278236 0
0.5035118 0.8141913 0.2890824 0
0.1542526 0.1036343 6.890147 1

0.8006322 0.08922413 -0.5924753 0
0.2107387 0.8837299 0.4178642 0
0.5608718 -0.459413 0.6887397 0
0.008691058 1.417778 7.233682 1

0.7359605 -0.2040716 0.6455365 0
-0.674233 -0.3074213 0.6714925 0
0.06141897 -0.9294338 -0.3638418 0
-0.04813995 1.395904 7.277242 1

-0.2732981 0.3036458 -0.9127471 0
0.8689549 -0.3290513 -0.3696521 0
-0.4125839 -0.8941613 -0.1739254 0
0.0612783 1.404674 7.182023 1

-0.9943435 0.0755206 -0.0746851 0
-0.07158473 0.04296339 0.996509 0
0.07846557 0.9962184 -0.03731433 0
-0.1589929 0.01306438 7.566241 1

-0.2088673 -0.07921813 0.9747303 0
0.9757231 0.05025358 0.2131642 0
-0.06587014 0.9955901 0.0667986 0
0.2908765 0.01160532 6.911377 1

0.8500411 0.09602391 -0.5178895 0
0.2780662 0.7532477 0.5960683 0
0.4473359 -0.6506901 0.6135904 0
0.04181664 1.479326 7.287714 1

0.435509 0.6389859 0.6340577 0
-0.1018042 -0.6648838 0.7399769 0
0.8944093 -0.3868163 -0.2245114 0
-0.1499392 1.349487 7.378627 1

0.04878688 -0.6443493 -0.7631738 0
0.4324037 -0.6751445 0.597668 0
-0.9003593 -0.3591576 0.2456809 0
0.1924777 1.354992 7.126211 1

-0.9943435 0.0755206 -0.0746851 0
-0.07158473 0.04296339 0.996509 0
0.07846557 0.9962184 -0.03731433 0
-0.1635932 0.01582539 7.63028 1

-0.2088673 -0.07921813 0.9747303 0
0.9757231 0.05025358 0.2131642 0
-0.06587014 0.9955901 0.0667986 0
0.3523448 0.01477122 6.924807 1

0.8500411 0.09602391 -0.5178895 0
0.2780662 0.7532477 0.5960683 0
0.4473359 -0.6506901 0.6135904 0
0.1291342 1.590342 7.451617 1

-0.1505325 0.4633504 -0.8732966 0
0.5106348 0.792843 0.3326443 0
0.8465177 -0.3958617 -0.3559513 0
-0.1729925 1.198927 7.546192 1

0.2907131 -0.4677313 0.8346937 0
-0.2522641 0.8040365 0.5384126 0
-0.9229566 -0.3670869 0.1157521 0
0.2904758 1.20198 7.261664 1

-0.2073472 0.4717439 -0.8570095 0
0.3989313 0.8406713 0.366232 0
0.8932306 -0.2659506 -0.3625042 0
-0.03362741 1.415314 7.636979 1

0.4446103 -0.466969 0.7643703 0
-0.1965432 0.7816978 0.5918779 0
-0.8738949 -0.4133867 0.2557713 0
0.2216602 1.421315 7.408539 1

-0.6217008 -0.1245437 -0.7732903 0
0.3854491 0.8108088 -0.4404752 0
0.6818485 -0.5719075 -0.456075 0
-0.01365307 1.453142 7.619813 1

-0.06811318 0.4812488 -0.873934 0
0.9081734 -0.3327222 -0.2540016 0
-0.4130153 -0.8109845 -0.4143946 0
0.003184971 1.524225 7.648138 1

-0.05835763 0.481067 -0.8747398 0
0.9189383 -0.3164808 -0.2353561 0
-0.3900603 -0.8175664 -0.4236018 0
0.009706271 1.518431 7.670347 1

-0.01225135 0.4684035 -0.8834301 0
0.8492042 -0.4615784 -0.2565101 0
-0.5279225 -0.7533551 -0.3921153 0
0.01539081 1.509784 7.691 1

0.01830482 0.4858603 -0.873845 0
0.9470341 -0.2886834 -0.1406709 0
-0.3206111 -0.8249859 -0.4654106 0
0.01206121 1.486712 7.704143 1

0.46737 0.06111958 0.8819466 0
-0.6687617 0.6769121 0.3074864 0
-0.5782066 -0.7335221 0.3572428 0
0.1899603 1.45485 7.410772 1

0.4813446 -0.4711379 0.7391459 0
-0.8757707 -0.2936278 0.3831562 0
0.03651437 -0.8317524 -0.5539448 0
0.1844745 1.524996 7.448243 1

0.5527791 -0.4539989 0.6987991 0
-0.8208657 -0.4411321 0.3627425 0
0.1435781 -0.7741368 -0.6165206 0
0.194819 1.519732 7.469036 1

0.5918201 -0.4453416 0.6718779 0
-0.7718692 -0.5533179 0.3131407 0
0.2323076 -0.7039248 -0.6712101 0
0.2059768 1.510524 7.487847 1

0.6084885 -0.4396252 0.6606601 0
-0.7457458 -0.6014066 0.286659 0
0.2713028 -0.6671131 -0.6937976 0
0.217648 1.48756 7.496163 1

-0.3353847 0.4550699 -0.8248814 0
0.6806394 0.7224219 0.1218072 0
0.6513426 -0.5205941 -0.5520276 0
0.00136995 1.483185 7.604599 1

0.04141331 0.3322399 -0.9422858 0
-0.05031325 -0.9412045 -0.3340699 0
-0.9978746 0.06124421 -0.02226251 0
0.03181792 1.51333 7.640922 1

0.03833202 0.2971638 -0.9540571 0
-0.3001591 -0.9072436 -0.2946424 0
-0.9531189 0.2976629 0.05441999 0
0.04044602 1.507618 7.66291 1

0.0518212 0.3069538 -0.9503129 0
-0.2908099 -0.9057128 -0.308406 0
-0.9553766 0.292342 0.04232979 0
0.04076056 1.496117 7.683101 1

0.07601163 0.3133034 -0.9466065 0
-0.192782 -0.9268224 -0.3222355 0
-0.9782933 0.2069822 -0.01005021 0
0.0390492 1.478426 7.700238 1

0.5425312 -0.2689793 0.7958078 0
-0.4959344 0.6620763 0.5618752 0
-0.6780183 -0.6995035 0.2258009 0
0.1651777 1.47986 7.422013 1

0.6064379 -0.3077022 0.7331797 0
-0.008365825 -0.9245051 -0.3810784 0
0.795087 0.2249667 -0.5632291 0
0.1590767 1.516017 7.460052 1

0.6453232 -0.2554079 0.719948 0
0.2491679 -0.8205335 -0.5144325 0
0.7221313 0.511363 -0.4658698 0
0.1682489 1.505148 7.48116 1

0.6635019 -0.2359593 0.7099921 0
0.3191618 -0.7690229 -0.5538408 0
0.6766839 0.5940765 -0.4349389 0
0.1839684 1.494819 7.496699 1

0.6736113 -0.1998259 0.7115598 0
0.4255702 -0.6822688 -0.5944743 0
0.6042665 0.7032634 -0.3745439 0
0.1973266 1.470948 7.50419 1

0.1211651 0.930423 -0.3458794 0
0.7904698 0.1203178 0.6005677 0
0.600397 -0.3461747 -0.7208929 0
0.02621016 1.50811 7.610403 1

0.02128887 0.2642088 -0.9642309 0
-0.4088147 -0.8778328 -0.249561 0
-0.9123691 0.3995043 0.08932397 0
0.03042128 1.4871 7.631365 1

-0.0144327 0.2288918 -0.9733452 0
-0.7658337 -0.6284022 -0.1364193 0
-0.6428772 0.7434512 0.1843625 0
0.03112135 1.479477 7.653526 1

-0.01268047 0.2194552 -0.9755404 0
-0.8408324 -0.5303366 -0.1083739 0
-0.5411478 0.8188913 0.1912498 0
0.0325264 1.470452 7.67451 1

0.02823627 0.225347 -0.9738697 0
-0.6654661 -0.7227451 -0.1865329 0
-0.7458938 0.653344 0.129553 0
0.03416518 1.454946 7.692084 1

0.655847 -0.5689681 0.4961249 0
-0.1430055 0.5516692 0.8217121 0
-0.7412245 -0.6098661 0.2804451 0
0.1475264 1.503146 7.441151 1

0.5817828 -0.2408949 0.7768518 0
0.4573407 -0.6929433 -0.5573773 0
0.6725834 0.6795584 -0.2929714 0
0.1586743 1.490637 7.449346 1

0.5944846 -0.197899 0.7793742 0
0.6956261 -0.359615 -0.6219175 0
0.4033516 0.9118735 -0.07612182 0
0.1755642 1.480733 7.465701 1

0.6041807 -0.1755555 0.7772681 0
0.7293242 -0.2711309 -0.6281517 0
0.3210169 0.9463975 -0.03577511 0
0.1933306 1.472377 7.480612 1

0.5690778 -0.1500641 0.8084747 0
0.8176692 -0.0007469817 -0.5756885 0
0.08699412 0.9886764 0.1222777 0
0.2079562 1.453978 7.489477 1

0.1211651 0.930423 -0.3458794 0
0.7904698 0.1203178 0.6005677 0
0.600397 -0.3461747 -0.7208929 0
0.04846583 1.514318 7.625957 1

0.02128887 0.2642088 -0.9642309 0
-0.4088147 -0.8778328 -0.249561 0
-0.9123691 0.3995043 0.08932397 0
0.02100502 1.467024 7.624978 1

-0.0144327 0.2288918 -0.9733452 0
-0.7658337 -0.6284022 -0.1364193 0
-0.6428772 0.7434512 0.1843625 0
0.01196281 1.463818 7.649863 1

-0.01268047 0.2194552 -0.9755404 0
-0.8408324 -0.5303366 -0.1083739 0
-0.5411478 0.8188913 0.1912498 0
0.01335782 1.458333 7.672162 1

0.02823627 0.225347 -0.9738697 0
-0.6654661 -0.7227451 -0.1865329 0
-0.7458938 0.653344 0.129553 0
0.02113996 1.440825 7.688307 1

0.655847 -0.5689681 0.4961249 0
-0.1430055 0.5516692 0.8217121 0
-0.7412245 -0.6098661 0.2804451 0
0.1442998 1.517065 7.46289 1

0.5817828 -0.2408949 0.7768518 0
0.4573407 -0.6929433 -0.5573773 0
0.6725834 0.6795584 -0.2929714 0
0.1689928 1.474715 7.436102 1

0.5944846 -0.197899 0.7793742 0
0.6956261 -0.359615 -0.6219175 0
0.4033516 0.9118735 -0.07612182 0
0.1932235 1.471579 7.449607 1

0.6041807 -0.1755555 0.7772681 0
0.7293242 -0.2711309 -0.6281517 0
0.3210169 0.9463975 -0.03577511 0
0.2077007 1.467035 7.468233 1

0.5690778 -0.1500641 0.8084747 0
0.8176692 -0.0007469817 -0.5756885 0
0.08699412 0.9886764 0.1222777 0
0.2235118 1.454013 7.478135 1

0.6971149 0.003611509 -0.7169503 0
-0.1168823 0.9871819 -0.1086759 0
0.7073679 0.1595584 0.6886014 0
-0.0008846151 0.8639005 7.187422 1

0.7331101 0.02200752 -0.6797538 0
0.07608751 0.9905479 0.1141296 0
0.6758404 -0.1353903 0.7245062 0
-0.02090177 0.9732371 7.168509 1

-0.8960791 0.2027803 0.3948708 0
0.1048961 -0.767633 0.6322475 0
0.4313229 0.607964 0.6665887 0
-0.06473208 0.8021852 7.269608 1

-0.4808162 -0.2450451 0.8418843 0
0.4384518 -0.8986855 -0.01116993 0
0.7593261 0.3637549 0.5395427 0
0.07896645 0.8027487 7.120178 1

0.7416241 0.04151617 -0.6695297 0
0.06803443 0.9882816 0.1366416 0
0.6673567 -0.1468878 0.7301089 0
-0.01089298 1.103537 7.183522 1

-0.9175156 0.1904544 0.3491313 0
-0.3013638 -0.9057904 -0.2978656 0
0.2595098 -0.3785121 0.8884727 0
-0.01916046 0.4686907 7.544285 1

-0.6199591 -0.2987171 0.7255476 0
-0.2863676 -0.7747678 -0.5636743 0
0.7305098 -0.5572283 0.3947812 0
0.2693923 0.4124369 7.115326 1

0.7493349 0.06130312 -0.6593474 0
0.05955624 0.9854313 0.1593054 0
0.6595075 -0.1586413 0.7347671 0
-0.0006650083 1.25211 7.204064 1

-0.9811318 0.1932654 -0.00542298 0
-0.1133452 -0.5522321 0.8259499 0
0.1566326 0.8109801 0.5637178 0
-0.1394906 0.1070219 7.425352 1

-0.2647605 -0.1729499 0.9486784 0
0.8228353 -0.5535076 0.1287319 0
0.5028362 0.814689 0.2888559 0
0.1550972 0.1032114 6.890353 1

0.8011369 0.08858985 -0.5918881 0
0.2093289 0.8850383 0.415799 0
0.5606792 -0.4570112 0.6904923 0
0.009407566 1.418773 7.231007 1

0.7346243 -0.2019824 0.6477116 0
-0.6755834 -0.3057978 0.6708761 0
0.06256346 -0.9304252 -0.3611026 0
-0.04746514 1.396943 7.274535 1

-0.2725201 0.3019934 -0.9135277 0
0.871098 -0.3257315 -0.3675426 0
-0.4085601 -0.895935 -0.1742977 0
0.06207607 1.405606 7.179448 1

-0.9943948 0.07434817 -0.0751774 0
-0.0721617 0.04245423 0.9964893 0
0.07727864 0.9963285 -0.03685118 0
-0.1588723 0.01259148 7.566587 1

-0.2094666 -0.07888786 0.9746286 0
0.9755927 0.05031506 0.2137462 0
-0.06590047 0.9956132 0.0664231 0
0.2917625 0.01127899 6.911734 1

0.8502502 0.09566547 -0.5176123 0
0.2765753 0.7554737 0.5939406 0
0.4478621 -0.6481572 0.6158831 0
0.0424095 1.480497 7.284914 1

0.4351518 0.6403361 0.6329398 0
-0.1046922 -0.6622329 0.7419483 0
0.8942497 -0.3891239 -0.2211336 0
-0.1494683 1.350772 7.375827 1

0.05067292 -0.6476856 -0.7602211 0
0.4357693 -0.6705781 0.6003587 0
-0.8986311 -0.3617027 0.248261 0
0.1935991 1.356425 7.123954 1

-0.9943948 0.07434817 -0.0751774 0
-0.0721617 0.04245423 0.9964893 0
0.07727864 0.9963285 -0.03685118 0
-0.1635097 0.01531976 7.630625 1

-0.2094666 -0.07888786 0.9746286 0
0.9755927 0.05031506 0.2137462 0
-0.06590047 0.9956132 0.0664231 0
0.3532226 0.01444858 6.9252 1

0.8502502 0.09566547 -0.5176123 0
0.2765753 0.7554737 0.5939406 0
0.4478621 -0.6481572 0.6158831 0
0.129456 1.592142 7.448535 1

-0.1479894 0.4602263 -0.8753805 0
0.5112072 0.7933072 0.3306534 0
0.8466206 -0.3985674 -0.352672 0
-0.1731755 1.200811 7.543839 1

0.2924753 -0.4595312 0.8386236 0
-0.2564716 0.8071471 0.5317293 0
-0.9212389 -0.3706009 0.1182138 0
0.2923599 1.204448 7.260017 1

-0.2047705 0.4693811 -0.8589243 0
0.400747 0.8408036 0.363939 0
0.8930123 -0.2696873 -0.3602747 0
-0.03365431 1.417325 7.634082 1

0.4452516 -0.461373 0.7673894 0
-0.1982863 0.7849464 0.5869774 0
-0.8731747 -0.4135152 0.2580144 0
0.2223965 1.424632 7.405068 1

-0.6209864 -0.1256791 -0.7736802 0
0.3882385 0.8081557 -0.4428948 0
0.6809162 -0.5754039 -0.4530601 0
-0.01354899 1.455038 7.616816 1

-0.06540611 0.4784234 -0.8756903 0
0.9073919 -0.3366022 -0.2516728 0
-0.4151654 -0.8110552 -0.4121015 0
0.003446586 1.52617 7.644922 1

-0.05569404 0.4782177 -0.8764738 0
0.9183006 -0.3200661 -0.2329848 0
-0.391947 -0.8178424 -0.4213218 0
0.00991904 1.520435 7.66716 1

-0.00959748 0.4653745 -0.8850619 0
0.8480899 -0.4651302 -0.2537669 0
-0.5297658 -0.7530479 -0.3902154 0
0.01554915 1.511843 7.687851 1

0.021047 0.4827349 -0.8755138 0
0.9462094 -0.2924195 -0.1384858 0
-0.3228693 -0.8255051 -0.462923 0
0.01213562 1.488825 7.701068 1

0.4661005 0.06659246 0.8822225 0
-0.6697909 0.6780574 0.3026859 0
-0.5780406 -0.7319863 0.3606456 0
0.1906301 1.458117 7.407084 1

0.4829232 -0.4654002 0.7417467 0
-0.8747907 -0.2942139 0.3849419 0
0.03908017 -0.8347705 -0.5492102 0
0.1849934 1.528483 7.44412 1

0.5536809 -0.4484501 0.7016624 0
-0.8199676 -0.4405554 0.365465 0
0.1452284 -0.7776914 -0.6116415 0
0.1953408 1.523367 7.464948 1

0.5925765 -0.4399377 0.6747654 0
-0.7707317 -0.553166 0.3161969 0
0.2341502 -0.7074339 -0.6668667 0
0.2065099 1.514297 7.483819 1

0.6095133 -0.4340277 0.663411 0
-0.7439933 -0.6021761 0.2895831 0
0.273803 -0.670078 -0.6899477 0
0.2182232 1.491408 7.492281 1

-0.3329592 0.4528346 -0.8270907 0
0.6825715 0.7209129 0.1199212 0
0.6505646 -0.5246197 -0.5491267 0
0.001575865 1.484985 7.601514 1

0.04371679 0.3288387 -0.943374 0
-0.05283518 -0.9421945 -0.330876 0
-0.997646 0.064308 -0.02381536 0
0.03205255 1.515156 7.637781 1

0.04054722 0.2937493 -0.9550223 0
-0.302505 -0.9073426 -0.2919272 0
-0.9522852 0.3007356 0.05207041 0
0.04063619 1.509503 7.659804 1

0.05405617 0.3034935 -0.9512988 0
-0.2932456 -0.9058587 -0.3056599 0
-0.9545079 0.2954869 0.04003081 0
0.04088623 1.498069 7.680034 1

0.07826048 0.3097754 -0.9475836 0
-0.1952917 -0.9273199 -0.31928 0
-0.9776179 0.210042 -0.01207599 0
0.03909989 1.480433 7.697226 1

0.5416952 -0.2638997 0.798075 0
-0.4973513 0.6647882 0.5574038 0
-0.6776493 -0.6988664 0.2288613 0
0.1658097 1.483169 7.418148 1

0.6074939 -0.3015398 0.7348642 0
-0.00501889 -0.9265825 -0.3760594 0
0.7943091 0.2247655 -0.5644063 0
0.1596256 1.51949 7.455983 1

0.6458601 -0.2496837 0.7214729 0
0.2498919 -0.8238161 -0.5088043 0
0.721401 0.5089065 -0.4696757 0
0.1688004 1.508804 7.477162 1

0.6638306 -0.2303216 0.7115345 0
0.3201667 -0.7722911 -0.5486897 0
0.6758867 0.5920464 -0.4389289 0
0.1845339 1.498596 7.492759 1

0.6738752 -0.1937921 0.7129778 0
0.4277794 -0.6844581 -0.5903584 0
0.6024101 0.7028248 -0.3783386 0
0.1979501 1.474776 7.500389 1

0.124314 0.928752 -0.3492367 0
0.7899437 0.1203533 0.6012526 0
0.600446 -0.3506213 -0.7187 0
0.02648062 1.50986 7.607254 1

0.02342108 0.2608143 -0.965105 0
-0.4111054 -0.877458 -0.2471048 0
-0.9112872 0.4025471 0.08667123 0
0.03058594 1.488898 7.628313 1

-0.01241001 0.2255628 -0.9741498 0
-0.767611 -0.6264769 -0.1352808 0
-0.6407961 0.7460892 0.180919 0
0.0312391 1.481358 7.650504 1

-0.01069963 0.2161027 -0.976312 0
-0.8424006 -0.5279927 -0.107637 0
-0.538746 0.821294 0.1876945 0
0.03258289 1.4724 7.671521 1

0.0302631 0.221897 -0.9746004 0
-0.6673876 -0.7213752 -0.1849663 0
-0.7440956 0.6560338 0.1262602 0
0.0341522 1.45694 7.689147 1

0.6554995 -0.5658743 0.5001073 0
-0.1442468 0.5562134 0.8184253 0
-0.741292 -0.6086161 0.2829719 0
0.1481094 1.506547 7.437128 1

0.5826389 -0.2346322 0.7781259 0
0.4594427 -0.6946708 -0.5534851 0
0.6704068 0.6799861 -0.2969418 0
0.1593151 1.494052 7.445415 1

0.5949531 -0.1918376 0.7805314 0
0.695873 -0.3630367 -0.6196492 0
0.4022335 0.911813 -0.08249499 0
0.1761373 1.484291 7.461871 1

0.6045634 -0.1695956 0.7782937 0
0.7292084 -0.2753706 -0.6264398 0
0.3205602 0.9462605 -0.04280813 0
0.1939254 1.476059 7.476822 1

0.5692514 -0.1437622 0.8094972 0
0.8177952 -0.002357273 -0.5755051 0
0.08464415 0.98961 0.1162263 0
0.2086346 1.457752 7.485778 1

0.124314 0.928752 -0.3492367 0
0.7899437 0.1203533 0.6012526 0
0.600446 -0.3506213 -0.7187 0
0.04873144 1.516064 7.622817 1

0.02342108 0.2608143 -0.965105 0
-0.4111054 -0.877458 -0.2471048 0
-0.9112872 0.4025471 0.08667123 0
0.0211182 1.468828 7.621982 1

-0.01241001 0.2255628 -0.9741498 0
-0.767611 -0.6264769 -0.1352808 0
-0.6407961 0.7460892 0.180919 0
0.01203657 1.465746 7.646869 1

-0.01069963 0.2161027 -0.976312 0
-0.8424006 -0.5279927 -0.107637 0
-0.538746 0.821294 0.1876945 0
0.01337837 1.460335 7.669189 1

0.0302631 0.221897 -0.9746004 0
-0.6673876 -0.7213752 -0.1849663 0
-0.7440956 0.6560338 0.1262602 0
0.0210897 1.442845 7.6854 1

0.6554995 -0.5658743 0.5001073 0
-0.1442468 0.5562134 0.8184253 0
-0.741292 -0.6086161 0.2829719 0
0.1448502 1.520586 7.458785 1

0.5826389 -0.2346322 0.7781259 0
0.4594427 -0.6946708 -0.5534851 0
0.6704068 0.6799861 -0.2969418 0
0.1696818 1.478086 7.432261 1

0.5949531 -0.1918376 0.7805314 0
0.695873 -0.3630367 -0.6196492 0
0.4022335 0.911813 -0.08249499 0
0.1938027 1.475047 7.445835 1

0.6045634 -0.1695956 0.7782937 0
0.7292084 -0.2753706 -0.6264398 0
0.3205602 0.9462605 -0.04280813 0
0.2082932 1.470634 7.464476 1

0.5692514 -0.1437622 0.8094972 0
0.8177952 -0.002357273 -0.5755051 0
0.08464415 0.98961 0.1162263 0
0.2241926 1.457753 7.474439 1

0.6989231 0.004564501 -0.7151823 0
-0.1171089 0.9872133 -0.1081459 0
0.7055438 0.1593399 0.6905206 0
0.0005352771 0.8653609 7.185523 1

0.7343343 0.02171216 -0.6784407 0
0.07439535 0.9908928 0.112236 0
0.6746988 -0.1328916 0.7260312 0
-0.01948958 0.9747031 7.166651 1

-0.8968345 0.2035129 0.3927731 0
0.1019295 -0.7689296 0.6311559 0
0.4304632 0.6060774 0.6688585 0
-0.06348835 0.8035445 7.267496 1

-0.4828224 -0.2425129 0.841469 0
0.4356267 -0.9000778 -0.009447858 0
0.7596788 0.3620048 0.5402228 0
0.08058713 0.8043059 7.118429 1

0.7426977 0.04117863 -0.6683596 0
0.06644104 0.9886506 0.1347432 0
0.6663226 -0.14448 0.7315324 0
-0.009703372 1.105048 7.181415 1

-0.917412 0.1923702 0.348352 0
-0.3007147 -0.9084669 -0.2902737 0
0.260626 -0.3710553 0.891287 0
-0.01920556 0.4694867 7.541698 1

-0.6200976 -0.2964495 0.7263585 0
-0.2846434 -0.7777529 -0.5604272 0
0.7310658 -0.5542728 0.3979003 0
0.269786 0.4133892 7.114326 1

0.750266 0.06091647 -0.6583238 0
0.05806897 0.9858261 0.1574001 0
0.658581 -0.1563201 0.7360945 0
0.0002850424 1.253677 7.201672 1

-0.9813008 0.1923816 -0.006177664 0
-0.1134537 -0.5521818 0.8259685 0
0.1554899 0.8112243 0.5636828 0
-0.1392765 0.1067493 7.425796 1

-0.2652978 -0.1725036 0.9486092 0
0.8231928 -0.5527478 0.129706 0
0.501967 0.815299 0.2886466 0
0.1561791 0.1029723 6.890648 1

0.80169 0.08821899 -0.5911943 0
0.2075546 0.8864253 0.4137286 0
0.5605482 -0.4543872 0.6923279 0
0.01010608 1.420407 7.228292 1

0.7334226 -0.1996067 0.6498066 0
-0.6767878 -0.3039038 0.6705227 0
0.06363788 -0.9315577 -0.3579813 0
-0.04680565 1.398592 7.271777 1

-0.2714182 0.3003198 -0.9144071 0
0.8734772 -0.322126 -0.3650653 0
-0.4041905 -0.8977991 -0.1748918 0
0.06287008 1.407202 7.17684 1

-0.9944182 0.07328125 -0.07591084 0
-0.07295135 0.04225662 0.9964402 0
0.07622814 0.9964161 -0.03667473 0
-0.1586769 0.01232737 7.567035 1

-0.2101149 -0.0785417 0.9745167 0
0.9754345 0.05062836 0.2143933 0
-0.06617695 0.9956246 0.0659745 0
0.2929038 0.01116616 6.912191 1

0.8504759 0.09547692 -0.5172764 0
0.2748438 0.7578157 0.5917571 0
0.4484992 -0.6454452 0.6182627 0
0.04295547 1.482319 7.282076 1

0.4339791 0.6433566 0.6306779 0
-0.1071953 -0.6581885 0.7451827 0
0.894523 -0.3909995 -0.2166753 0
-0.1489907 1.352707 7.373016 1

0.05344564 -0.6513541 -0.7568896 0
0.4392665 -0.6653613 0.6036053 0
-0.8967657 -0.3647362 0.2505571 0
0.1947523 1.358566 7.12172 1

-0.9944182 0.07328125 -0.07591084 0
-0.07295135 0.04225662 0.9964402 0
0.07622814 0.9964161 -0.03667473 0
-0.163365 0.01504302 7.63107 1

-0.2101149 -0.0785417 0.9745167 0
0.9754345 0.05062836 0.2143933 0
-0.06617695 0.9956246 0.0659745 0
0.3543539 0.01435548 6.925697 1

0.8504759 0.09547692 -0.5172764 0
0.2748438 0.7578157 0.5917571 0
0.4484992 -0.6454452 0.6182627 0
0.1296889 1.594628 7.445408 1

-0.1455359 0.4552932 -0.8783663 0
0.5109284 0.7948548 0.3273503 0
0.8472141 -0.401141 -0.3483022 0
-0.1732646 1.203663 7.541759 1

0.2939572 -0.4503369 0.8430812 0
-0.2617068 0.8104231 0.5241416 0
-0.9192926 -0.3747153 0.1203733 0
0.2943057 1.207771 7.258519 1

-0.2025276 0.4660006 -0.8612933 0
0.401747 0.8416369 0.3608972 0
0.8930745 -0.2729304 -0.3576689 0
-0.03381959 1.420599 7.631102 1

0.4462745 -0.454895 0.7706553 0
-0.2001923 0.7885955 0.5814128 0
-0.8722168 -0.4137488 0.2608633 0
0.2229142 1.428848 7.401501 1

-0.6200427 -0.1281563 -0.7740304 0
0.3903887 0.8053692 -0.4460686 0
0.6805469 -0.5787542 -0.4493324 0
-0.01361619 1.458198 7.613703 1

-0.06301191 0.4746877 -0.877896 0
0.9068598 -0.3400405 -0.2489544 0
-0.4166957 -0.8118155 -0.4090484 0
0.003468198 1.529421 7.641525 1

-0.05335087 0.4744672 -0.878655 0
0.9179206 -0.3231376 -0.2302269 0
-0.3931614 -0.8188184 -0.4182834 0
0.009894696 1.523771 7.663798 1

-0.007255197 0.461474 -0.8871241 0
0.8473548 -0.4682311 -0.2504998 0
-0.530978 -0.7535263 -0.3876348 0
0.01547578 1.515259 7.684536 1

0.02345914 0.4787735 -0.8776249 0
0.9456246 -0.2954968 -0.1359265 0
-0.3244134 -0.8267151 -0.4596721 0
0.01199822 1.492305 7.697847 1

0.46521 0.07287243 0.8821957 0
-0.6708398 0.6792503 0.2976469 0
-0.5775412 -0.7302802 0.3648795 0
0.1910686 1.462272 7.403277 1

0.4848097 -0.4587899 0.7446287 0
-0.8736265 -0.2945884 0.3872914 0
0.04167363 -0.83829 -0.5436302 0
0.1852624 1.532883 7.439816 1

0.5549164 -0.4420404 0.704747 0
-0.8188525 -0.4397162 0.3689583 0
0.1467945 -0.7818251 -0.6059716 0
0.19562 1.527939 7.46068 1

0.5937024 -0.4336601 0.6778322 0
-0.7693074 -0.5529128 0.3200844 0
0.2359741 -0.7114965 -0.6618835 0
0.2068089 1.519028 7.479616 1

0.6107126 -0.4277151 0.666401 0
-0.7423469 -0.6021471 0.2938366 0
0.2755932 -0.6741508 -0.6852517 0
0.2185755 1.496227 7.48824 1

-0.3308281 0.4494873 -0.8297675 0
0.6838034 0.720148 0.1174735 0
0.6503582 -0.5285341 -0.545606 0
0.001586673 1.488046 7.598284 1

0.04581928 0.3245457 -0.9447598 0
-0.05465788 -0.9435219 -0.3267711 0
-0.9974535 0.06661096 -0.02549243 0
0.03205536 1.518302 7.634471 1

0.0425927 0.2894428 -0.9562472 0
-0.3040872 -0.9079511 -0.2883686 0
-0.9516917 0.3030649 0.04934397 0
0.04059796 1.512738 7.656535 1

0.05611199 0.2991529 -0.9525539 0
-0.2949368 -0.906514 -0.3020678 0
-0.9538682 0.2978928 0.03736496 0
0.04079158 1.501391 7.676815 1

0.08032739 0.3054014 -0.9488295 0
-0.1969745 -0.9282707 -0.3154598 0
-0.9771126 0.2122352 -0.01440898 0
0.03894548 1.483827 7.694078 1

0.5412834 -0.258039 0.8002679 0
-0.4986875 0.6677751 0.5526189 0
-0.6769959 -0.6982066 0.2327745 0
0.1662095 1.487366 7.414155 1

0.6088191 -0.2945151 0.7366142 0
-0.001734093 -0.9290256 -0.3700124 0
0.7933072 0.2239929 -0.5661188 0
0.1599301 1.523885 7.45175 1

0.6466974 -0.243058 0.7229836 0
